Physicochemical properties,Base stacking,Protein induced deformability,B-DNA twist,Dinucleotide GC Content,A-philicity,Propeller twist,Duplex stability-free energy,Duplex stability-disrupt energy,DNA denaturation,Bending stiffness,Protein DNA twist,Stabilising energy of Z-DNA,Aida_BA_transition,Breslauer_dG,Breslauer_dH,Breslauer_dS,Electron_interaction,Hartman_trans_free_energy,Helix-Coil_transition,Ivanov_BA_transition,Lisser_BZ_transition,Polar_interaction,SantaLucia_dG,SantaLucia_dH,SantaLucia_dS,Sarai_flexibility,Stability,Stacking_energy,Sugimoto_dG,Sugimoto_dH,Sugimoto_dS,Watson-Crick_interaction,Twist,Tilt,Roll,Shift,Slide,Rise,Stacking energy,Bend,Tip,Inclination,Major Groove Width,Major Groove Depth,Major Groove Size,Major Groove Distance,Minor Groove Width,Minor Groove Depth,Minor Groove Size,Minor Groove Distance,Persistance Length,Melting Temperature,Mobility to bend towards major groove,Mobility to bend towards minor groove,Propeller Twist,Clash Strength,Enthalpy,Free energy,Twist_twist,Tilt_tilt,Roll_roll,Twist_tilt,Twist_roll,Tilt_roll,Shift_shift,Slide_slide,Rise_rise,Shift_slide,Shift_rise,Slide_rise,Twist_shift,Twist_slide,Twist_rise,Tilt_shift,Tilt_slide,Tilt_rise,Roll_shift,Roll_slide,Roll_rise,Slide stiffness,Shift stiffness,Roll stiffness,Rise stiffness,Tilt stiffness,Twist stiffness,Wedge,Direction,Flexibility_slide,Flexibility_shift,Entropy
Base stacking,1.0,0.04801125797077402,-0.17620509758668515,-0.6739090115843519,0.2506121840677768,-0.29257740643826713,0.5645595481326738,-0.34829707138494687,-0.8905015080735577,-0.46653088038653623,0.22926758744296624,-0.16385454488091325,-0.5873832926822716,-0.40046944353802827,-0.23133966419713664,-0.12592304496335255,-0.6739090115843519,0.82621815496563,-0.40049830037708123,0.2506121840677768,0.826941444260518,-0.6739090115843519,-0.8078590391810687,-0.6844422747162959,-0.5185981194787441,-0.025341163770307356,-0.8624140319374737,-0.99996140444781,-0.5926026206522901,-0.6391634422454444,-0.6085874862218579,-0.6739090115843519,-0.23658910965673557,-0.3596392839113704,-0.6726351707625909,-0.025687746032074427,-0.32566381071810613,-0.6526981190071225,0.27679580959730044,0.4076347990693445,0.09283936286658537,0.0,-0.4088080204971497,0.26013279917232013,0.285431015731938,0.516641930144001,0.24451783881948014,0.23908208162316577,-0.10176642068224614,-0.5614952748236166,-0.46653088038653623,-0.9652481284447026,0.5902502690565977,-0.3903080736377672,-0.32810283696262305,0.12436908111012926,0.6391634422454444,0.73929115486009,-0.16241522806618855,-0.4283725851665708,-0.44171811576745607,0.0754207688538229,-0.02496685022586742,0.04698504159868872,0.22021823564545712,-0.06025579469804465,-0.541841002779303,-0.1588969903697651,-0.08335372670690615,-0.5849895344595165,0.09884611436711904,0.31997019058599674,0.38253129135698344,0.5644222615441867,0.42876860835518704,-0.15961244319072612,-0.21738262804585728,-0.40980590633190456,-0.6783662743370114,-0.32566381071810613,-0.025687746032074427,-0.6726351707625909,-0.6526981190071225,-0.3596392839113704,-0.23658910965673557,0.11039324437389378,-0.2842414394233559,0.1765155713935769,-0.11742969065349587,0.4889137536813821
Protein induced deformability,0.04801125797077402,1.0,-0.03433644062989056,0.4165260807003739,0.2942654011604442,0.6686215663756611,-0.5760010085468061,0.5750726696376086,-0.22370903244173998,0.32575816057188023,0.6829405810070283,-0.9186699853513498,0.456142000116536,0.5004894331581956,0.11554159657532447,-0.08472399596917185,0.4165260807003739,0.49405941338151865,0.4988214205905834,0.2942654011604442,0.4911885203336237,0.4165260807003739,0.3999588349541352,0.17909692160324645,0.04114838867063735,-0.26348285204483574,-0.27460962038408887,-0.04231748249543781,0.5904010578668912,0.4589128865910585,0.38135617280620576,0.4165260807003739,-0.8930371305876834,-0.6400995331329798,-0.6727879057299876,-0.48585776811796527,-0.5555278544736058,-0.6459347807073632,-0.2399057209716626,0.24628333021370372,-0.4102277730454463,1.4841128654635774e-17,0.42552264157644626,-0.418095391836298,-0.040191113050036066,0.8104514996197635,-0.3117104118022163,0.5568442383344234,0.4920966336593856,-0.30074194246935854,0.32575816057188023,-0.15908904279765512,-0.3408460499196591,0.6334924914890819,0.3747238954413081,0.022089665029671034,-0.4589128865910585,-0.434621477666151,-0.8668842561523199,-0.7449235023610388,-0.7658415555816018,-0.1468283852816942,-0.6735091523517356,0.011592227659887483,-0.011656323317520886,-0.678445913883367,-0.6593676400500741,-0.4481630136834895,-0.22058769571599185,-0.5358717219169986,0.04819939879533675,0.6745747284241799,0.3697273749361873,-0.2442622985065298,0.43315722161686926,0.03289163423527473,-0.1208894214607368,0.43565808562860525,-0.5441983186056486,-0.5555278544736058,-0.48585776811796527,-0.6727879057299876,-0.6459347807073632,-0.6400995331329798,-0.8930371305876834,-0.11398623250045391,-0.034564097419020536,-0.7493898587959041,0.09417783895509635,-0.5476655308669375
B-DNA twist,-0.17620509758668515,-0.03433644062989056,1.0,-0.13697824759069419,0.5169004498769553,-0.03762192015568262,0.1660123144126634,-0.1605039761056111,-0.06895372666553662,-0.12190828018605297,0.03763449601543801,0.28025677293772855,0.28788947647124113,-0.0007258093415036071,-0.13394384327153408,-0.17595491322900336,-0.13697824759069419,-0.2509946266205149,-0.0005285280360368368,0.5169004498769553,-0.25053374202827394,-0.13697824759069419,0.003732769679532281,0.082706993085053,0.10842622665355253,0.42065089799599514,0.17999505658963363,0.174557008785739,-0.1724896984469236,-0.08857845497601213,-0.047885967760949284,-0.13697824759069419,-0.033126800305129496,0.15191258291565515,0.32050935602118197,-0.12584668472772068,0.34314256456008085,0.4743056788645437,0.09230106685715608,-0.1802244589666111,-0.198328275225119,1.4779173059305809e-18,0.11958265040641355,-0.40341551953558563,-0.33422692412129407,-0.20984223059604895,-0.47382500312725323,0.2778666308786671,-0.3876922324446473,0.25914604079412323,-0.12190828018605297,0.18385270028878684,0.16814978837505476,-0.06242104404564452,-0.28999977840938734,-0.46550180154983123,0.08857845497601213,0.20090376147470232,-0.02722831721114306,0.23009764305527075,0.2379931389647506,0.2027337577370958,0.3233759129900799,0.18989824045923312,-0.15142569028776015,0.20417496485398254,0.5413619969077821,0.07602488176528271,0.11377067476010863,0.10797669756610385,0.05589067150659182,0.07828966853765351,0.2828263819159633,0.13916676701807798,-0.4898396365681597,-0.3467379517684272,0.3534233338562048,0.09169559223393299,0.08248286240139283,0.34314256456008085,-0.12584668472772068,0.32050935602118197,0.4743056788645437,0.15191258291565515,-0.033126800305129496,-0.18590169098753453,0.09173028280302042,0.11580872596061982,-0.7700351305940234,0.10999109372402176
Dinucleotide GC Content,-0.6739090115843519,0.4165260807003739,-0.13697824759069419,1.0,-0.4139136646094879,0.762916911902626,-0.9418630564959943,0.7765365104583093,0.7069870082305741,0.9153149934721531,-0.06382702171776997,-0.44586371464291413,0.4403650353637327,0.7765365104583092,0.49794019935545875,0.3142814844824416,1.0,-0.43199329083151056,0.7777822356227045,-0.4139136646094879,-0.4342866851416567,1.0,0.9229528332177371,0.31958180043183354,0.014599901487497086,-0.3705416173285467,0.47423822761191753,0.6768595403097751,0.9240331705423673,0.8133829126259977,0.7142580575959928,1.0,-0.14436564144535707,0.21092033939480676,0.0666261567870468,0.0027378970350877274,-0.22842969918508804,0.10235829911697951,0.04380703669395189,-0.4453207268222784,-0.391563298143568,0.0,0.8653612582750145,-0.6527420394289886,0.0,-0.00638730931796018,-0.5237416004246169,0.047500649097994195,0.6745762656358538,2.220773257017264e-17,0.9153149934721531,0.6548135527410706,-0.8459081782224789,0.873401480432847,0.3647549524519555,0.3298025239093173,-0.8133829126259977,-0.9718757411388952,-0.11955543466507107,0.11415113367319886,0.04292741384722493,-0.36466247874473645,-0.6632457833953114,-0.417665481203814,0.1411412024243577,-0.05480734368220669,-0.0731033631117975,-0.02831363719974974,0.16623673663269237,0.03743233283466359,-0.10681624703871055,-0.10667408209830334,-0.04566611871103292,-0.9017008470220521,0.24333520878293333,0.2017424999620951,-0.25567055627192325,0.4071865848404612,0.2217559924575358,-0.22842969918508804,0.0027378970350877274,0.0666261567870468,0.10235829911697951,0.21092033939480676,-0.14436564144535707,-0.06844183960953985,0.15796985507704245,-0.5611578169786982,0.27859754630058414,-0.36020847033263736
A-philicity,0.2506121840677768,0.2942654011604442,0.5169004498769553,-0.4139136646094879,1.0,-0.27120170992902703,0.2797737563565346,-0.12334462133825395,-0.5793416299921008,-0.46730335656123156,0.740144277859827,-0.21927455724310066,0.020021608655941003,-0.14466070351372176,-0.34217299068596485,-0.4034215146198319,-0.4139136646094879,0.47966328308336087,-0.1463626917828235,1.0,0.4803503885737202,-0.4139136646094879,-0.19983206157588795,0.15311106978511038,0.27071214675440036,-0.1178490673873071,-0.1917579953272574,-0.24996839995097642,-0.2342961746670808,-0.25254155676516077,-0.2427919321461553,-0.4139136646094879,-0.5929331264055936,-0.4080542695743032,-0.23887011729879187,-0.12762771948645174,-0.24541885622740203,-0.25586842752327654,-0.4328051673069365,0.30865470926988947,-0.12284823303731751,1.4845715541344202e-17,-0.21197299397072208,-0.12633219414600608,-0.42487826499649434,0.47018482227189695,-0.2924195711092159,0.7592435860028294,-0.42963605998350235,-0.2636361704387507,-0.46730335656123156,-0.31449404531817976,0.40706572181825196,-0.186411835727456,-0.3194072994322055,-0.6236831485059589,0.25254155676516077,0.39397988533555156,-0.5122241577634911,-0.40944254517145967,-0.4176505215997719,0.34772563765617664,0.2981098167975879,0.22750828065053055,0.058439824788846885,-0.5133702189238847,-0.1670186322022259,0.08992426913074739,-0.07722187702538832,-0.4630178222143085,0.15353155810568606,0.3804303962684069,0.05228505029069452,0.38120428061000133,-0.15329050849222836,-0.5211293618375727,0.22094626696548408,0.22229093173143583,-0.6006433556379512,-0.24541885622740203,-0.12762771948645174,-0.23887011729879187,-0.25586842752327654,-0.4080542695743032,-0.5929331264055936,0.3003696652478735,0.03773857261300693,-0.047165332023394936,-0.5086590021191598,-0.2023311170259948
Propeller twist,-0.29257740643826713,0.6686215663756611,-0.03762192015568262,0.762916911902626,-0.27120170992902703,1.0,-0.686060101533261,0.5540922854207183,0.28887697726618405,0.7154972024329161,0.1685698144544089,-0.6389704036789846,0.3639208702494431,0.5044759833161298,0.1642376480667843,-0.014763739630106047,0.762916911902626,-0.029966271243536836,0.5065638015265449,-0.27120170992902703,-0.03204122290073973,0.762916911902626,0.5755753590670482,-0.03810728149651129,-0.2819893239297679,-0.10755261165841898,0.13985462738538784,0.2945639028731929,0.6521805670097757,0.5427375961792691,0.46833434640015725,0.762916911902626,-0.4222677516022793,-0.25707426305753417,-0.28282895088297266,-0.4930358941827924,-0.4047153474825301,-0.20623642132291897,0.20905259015543784,0.02609771281478133,-0.30685904492555854,2.9619065529748056e-17,0.747419163147886,-0.5403095869033155,-0.0902374842035364,0.3452330728590151,-0.3440317759599745,0.11411586789811007,0.5510295767580786,-0.05637147695301476,0.7154972024329161,0.27124936364494373,-0.772762298173193,0.8121380813462591,0.5851204691486391,0.1768459941081876,-0.5427375961792691,-0.7100957738393053,-0.42510707410278875,-0.3180755546778759,-0.3130760423826964,-0.5925779528624951,-0.7025629556352901,-0.36826847561083836,-0.013207247476256626,-0.21778962242256253,-0.27448867055695225,-0.35784262880792383,-0.1221775549477739,-0.21976709454977617,-0.30930090688165723,0.3684727230373485,0.4310260693214523,-0.5303019205197318,0.3599457318715629,0.3784964986664093,-0.46401227319070254,0.5279332771255983,-0.015551818852813835,-0.4047153474825301,-0.4930358941827924,-0.28282895088297266,-0.20623642132291897,-0.25707426305753417,-0.4222677516022793,-0.4805862234023401,0.05457890557399188,-0.80530787444471,0.02577645386814216,-0.18963505113946008
Duplex stability-free energy,0.5645595481326738,-0.5760010085468061,0.1660123144126634,-0.9418630564959943,0.2797737563565346,-0.686060101533261,1.0,-0.9077386719431192,-0.5806002393296195,-0.8581874547275737,-0.0713872904176494,0.571154103860876,-0.534473854671213,-0.9077386719431193,-0.6407299595834621,-0.4454026434163497,-0.9418630564959943,0.2634935349160252,-0.9073205570155108,0.2797737563565346,0.2666637936070277,-0.9418630564959943,-0.9284454434692765,-0.4536034530190286,-0.1655063085999082,0.43014213462762557,-0.3053958957449913,-0.5693823868640147,-0.9931888363058745,-0.873626245726446,-0.7672424222069588,-0.9418630564959943,0.3282370242920845,-0.09509241214458068,0.06637114241407359,-0.02635362712199823,0.26167515593469814,0.0577057076421028,0.09971222123511116,0.3947058110499837,0.4407526177787311,-2.965702843720296e-17,-0.80584104520962,0.6499050876664026,-0.08578985204517779,-0.14645524185213327,0.5252260647613515,-0.16572410844211038,-0.7402504716383589,0.062419574101211295,-0.8581874547275737,-0.5262126298871379,0.725623337399933,-0.854795491708209,-0.29011266410392095,-0.3537462051152468,0.873626245726446,0.9420518552809579,0.26789545377746415,0.02193633986569326,0.08737871640013313,0.1616135696974367,0.7626287456007255,0.2598936072863277,-0.21374090097405554,0.15995177474505534,0.22289939968039715,0.02888819913975831,-0.22242754704957646,0.033422999228015504,-0.11700404020172718,0.011443186648584592,0.06170277714025649,0.8735072678308047,-0.2735714127530855,-0.0433361316521678,0.12434343462724727,-0.3320601727300057,-0.0614324822974682,0.26167515593469814,-0.02635362712199823,0.06637114241407359,0.0577057076421028,-0.09509241214458068,0.3282370242920845,-0.04536051849101335,-0.14157901466710116,0.5566067122491972,-0.31159295487593813,0.5110744687602121
Duplex stability-disrupt energy,-0.34829707138494687,0.5750726696376086,-0.1605039761056111,0.7765365104583093,-0.12334462133825395,0.5540922854207183,-0.9077386719431192,1.0,0.40283288192934064,0.7723882707875519,0.2049817624451498,-0.58869835809657,0.37710532188568474,0.961434134730144,0.7931016697063892,0.6279874140135872,0.7765365104583093,-0.06459887822827218,0.961913576886786,-0.12334462133825395,-0.0669561205773325,0.7765365104583093,0.7927581215035218,0.43568771226257047,0.19104112697045972,-0.5275989372971924,0.10492837844650821,0.3532038249022616,0.8873804118031691,0.8113543815472944,0.7245868410512604,0.7765365104583093,-0.4718618527660871,0.03316036821737439,-0.15656452891953962,0.06805030566598759,-0.40289457814242474,-0.15243745170182477,-0.04764988183230604,-0.2089186005117583,-0.23862358175672682,-3.71084261591526e-18,0.7486065355034467,-0.6129892672633693,-0.010962868382940822,0.2565259400889032,-0.5031152714990488,0.3018709224885937,0.596800636771774,-0.2202395918574441,0.7723882707875519,0.3643590408927909,-0.5654955990302132,0.7219352479531577,0.049476330878872175,0.24756413663425322,-0.8113543815472944,-0.7649288621183089,-0.22985842112781352,-0.08133837911163239,-0.16426457730813934,0.04584082949947915,-0.7314410171715775,-0.22967449730512887,0.47650484412071,-0.12933537392486844,-0.3351499007433001,0.25119680546302775,0.466869557896437,-0.1687695824207633,0.36302136829808596,-0.06259660376482436,0.016105320147969893,-0.8229935654893336,0.3012842006883023,-0.25510587296951115,-0.1406196219124239,0.23205111471861037,-0.0989048430209391,-0.40289457814242474,0.06805030566598759,-0.15656452891953962,-0.15243745170182477,0.03316036821737439,-0.4718618527660871,0.1074531667368802,0.1607806988959355,-0.4252024463385498,0.10981786368586832,-0.40155747876464964
DNA denaturation,-0.8905015080735577,-0.22370903244173998,-0.06895372666553662,0.7069870082305741,-0.5793416299921008,0.28887697726618405,-0.5806002393296195,0.40283288192934064,1.0,0.5987438404914476,-0.5152414544158946,0.2532837322531209,0.3934657253480831,0.4545836950116544,0.44091207173818114,0.38738724532169866,0.7069870082305741,-0.8762107304849405,0.45476779051596844,-0.5793416299921008,-0.877434659608992,0.7069870082305741,0.7533226710758086,0.5298910259793971,0.3449315187466457,-0.015372423780383747,0.811941708505161,0.8893163569441108,0.5786168932786028,0.6138353410663494,0.5815623187887698,0.7069870082305741,0.44945594785777476,0.529529068245699,0.7184363234844188,0.20675441083675644,0.3540861806341194,0.6525226949345689,-0.06634524301599588,-0.48086936472832637,-0.03973721893554569,0.0,0.42195392130051773,-0.2107731088618678,-0.06028571388012644,-0.6562490573837406,-0.14380016153130146,-0.49537124811683364,0.23854015014972385,0.537640958777667,0.5987438404914476,0.9286000478326752,-0.6248967699649594,0.3607708129636393,0.32119514804172156,0.15105682761188688,-0.6138353410663494,-0.7481718893260355,0.39848487471223176,0.5811902087134168,0.637682829872074,-0.12843949147631312,-0.12853033910537823,-0.1505187580518616,0.017773656655227947,0.35020120826820234,0.5374594584759019,0.2517472141807928,0.26806630089627775,0.6665887695552295,-0.04953540089007361,-0.48146228264291574,-0.44681426416392267,-0.6360319226853242,-0.357666400352735,0.20478690913071912,0.031622249667806135,0.23554824871738766,0.7755498744648277,0.3540861806341194,0.20675441083675644,0.7184363234844188,0.6525226949345689,0.529529068245699,0.44945594785777476,-0.13092796624184552,0.2711103435104793,-0.10688894334884345,0.20071858338416596,-0.24133941689827743
Bending stiffness,-0.46653088038653623,0.32575816057188023,-0.12190828018605297,0.9153149934721531,-0.46730335656123156,0.7154972024329161,-0.8581874547275737,0.7723882707875519,0.5987438404914476,1.0,-0.11523431641061668,-0.40971171242289933,0.1609865418389307,0.7723882707875519,0.5544851782935692,0.39573141611572826,0.9153149934721531,-0.3868951324683564,0.7734891364309678,-0.46730335656123156,-0.38867232533181045,0.9153149934721531,0.7903958166816051,0.10572603263594507,-0.20193007073154814,-0.47141782176183517,0.31376489788332984,0.4683613564655028,0.7988256825741112,0.7923930997705467,0.7343693814118051,0.9153149934721531,-0.06675973988715671,0.39079197790464526,0.0030287271429785137,0.20838389944288818,-0.31638328498133167,0.11068707784984605,0.3588782631722635,-0.4994411685933155,-0.3862678916546745,1.481243427602392e-17,0.8838461258412932,-0.7025185528768383,5.540995400900462e-18,-0.017495942589600737,-0.5675145945009236,0.042305494579526544,0.617136442034795,-0.1831715753516387,1.0,0.5359784505943934,-0.7476622993156307,0.8502180970079976,0.21922072595058462,0.34819306564666935,-0.7923930997705467,-0.8151859920811049,0.07122775263599726,0.2610124650130789,0.12350850700101677,-0.22021569437710897,-0.6805888061957803,-0.378359440529264,0.40783171041033967,0.20259595696484461,-0.07724273746798076,0.07373423981597152,0.4433468005325947,-0.08953962941135722,0.10370659117917448,-0.2778297408108999,0.015134193229728221,-0.922988112646267,0.2989015592886667,-0.019460804532451983,-0.24897660305280325,0.34774074960550744,0.1043153153113631,-0.31638328498133167,0.20838389944288818,0.0030287271429785137,0.11068707784984605,0.39079197790464526,-0.06675973988715671,-0.13985413837234215,0.07695288689022572,-0.3737038539680092,0.1906063371966678,-0.027262243619707888
Protein DNA twist,0.22926758744296624,0.6829405810070283,0.03763449601543801,-0.06382702171776997,0.740144277859827,0.1685698144544089,-0.0713872904176494,0.2049817624451498,-0.5152414544158946,-0.11523431641061668,1.0,-0.70016284697348,-0.01812055625602668,0.03734044427028579,-0.29199063141996867,-0.4255495044345526,-0.06382702171776997,0.6546897018607556,0.036323676807699073,0.740144277859827,0.6553200974872097,-0.06382702171776997,0.035300692843164706,0.14328688849977855,0.15389803807216124,-0.4592703938502785,-0.28122594199217604,-0.2266181442324551,0.1011870614322597,0.12621791442186356,0.12488015962805664,-0.06382702171776997,-0.8667411775588235,-0.6397428848818648,-0.6002743599457389,-0.3011348215113845,-0.7185301044690933,-0.5891769313249596,-0.3610811646886187,0.5302080280272383,-0.049717697610670034,1.481481090827204e-17,0.016313671847234285,-0.09822294127230084,-0.52520520727765,0.8270530491223724,-0.16020269629567377,0.7682311285080339,-0.15614246226647632,-0.494490681959635,-0.11523431641061668,-0.2928413369456831,0.027941297742725062,0.20265632052675636,0.08014228178182753,-0.5361499731591398,-0.12621791442186356,0.04116740357428656,-0.6920131504400338,-0.7018945546567782,-0.8021787500988654,0.16146421954229878,-0.05671454597833027,0.12675254947852752,0.12301627022251631,-0.7900177937437031,-0.5965092626909425,-0.06556547987012037,-0.1184233437598599,-0.7152473597573326,0.15490806451897277,0.447493807314655,0.13808336316440856,0.08332851417640177,0.24365720279086236,-0.34033655195870666,0.011171642061361,0.5456697617024283,-0.7472584391436536,-0.7185301044690933,-0.3011348215113845,-0.6002743599457389,-0.5891769313249596,-0.6397428848818648,-0.8667411775588235,0.08729472022482529,-0.024824701566840787,-0.3645303866169843,-0.11395754807023756,-0.36799540259702984
Stabilising energy of Z-DNA,-0.16385454488091325,-0.9186699853513498,0.28025677293772855,-0.44586371464291413,-0.21927455724310066,-0.6389704036789846,0.571154103860876,-0.58869835809657,0.2532837322531209,-0.40971171242289933,-0.70016284697348,1.0,-0.14999816809007124,-0.4630978243360611,-0.09461561809417353,0.09559114689332275,-0.44586371464291413,-0.5832625333211146,-0.46232739693766495,-0.21927455724310066,-0.580987035572191,-0.44586371464291413,-0.35700341850868966,0.003619069354021059,0.16214011792136424,0.557630398041712,0.3123080379935465,0.15872413326865165,-0.5733190519661805,-0.39937453164562614,-0.3078483552526572,-0.44586371464291413,0.8538207215904059,0.5528725885131602,0.7861013032947815,0.2867360809717757,0.7912134109941437,0.7805165883033409,0.14750080977161736,-0.2004094759538871,0.4165615168343037,-7.40717913741795e-18,-0.4720566296920317,0.4339417508886107,0.006382507162577523,-0.8836569532153307,0.34897095213496027,-0.6207521921230561,-0.5619703425208363,0.5815223580372215,-0.40971171242289933,0.24531200789286342,0.377188498475815,-0.6764403177530147,-0.3020870788493223,-0.13729634608576094,0.39937453164562614,0.4294637878745561,0.7799727203507719,0.721355915741671,0.7993348655937044,0.24325291166363536,0.7300443230674626,0.21401979445003858,-0.21065376834139837,0.6835120210717492,0.8342374389892298,0.3516967659027558,0.15005339596864592,0.7338510801680893,0.011260619059287571,-0.5423179516588824,-0.26129777163009293,0.3382692799204102,-0.6519302567416471,-0.02015625157918365,0.3498029153727419,-0.42982434322808305,0.6889916214565015,0.7912134109941437,0.2867360809717757,0.7861013032947815,0.7805165883033409,0.5528725885131602,0.8538207215904059,-0.07162398203654238,0.06777795680759462,0.7347717150818255,-0.22718979308116977,0.3875749981530046
Aida_BA_transition,-0.5873832926822716,0.456142000116536,0.28788947647124113,0.4403650353637327,0.020021608655941003,0.3639208702494431,-0.534473854671213,0.37710532188568474,0.3934657253480831,0.1609865418389307,-0.01812055625602668,-0.14999816809007124,1.0,0.48570438972244323,0.3042720624165309,0.18408626708074569,0.4403650353637327,-0.29033637663895195,0.4836134595479566,0.020021608655941003,-0.2938188733643731,0.4403650353637327,0.5865204438309309,0.6640245308429588,0.5715528663737142,0.3888242488281156,0.31235702461845166,0.5917275281111046,0.5915703162937576,0.46010850293624106,0.38219557226290607,0.4403650353637327,-0.24839075206573902,-0.23786826780514692,0.1980225885920709,-0.44364805550416014,0.39513049282331875,0.14846433103847065,-0.4974458995658485,-0.13208084918766422,-0.2846141063222244,0.0,0.25690543676138167,-0.24583960769252883,0.12607961593401476,-0.05431420798423573,-0.16139764020111275,-0.038336738864957726,0.358192743300602,0.5848149688551949,0.1609865418389307,0.4307807313912091,-0.3193444079731148,0.3237608091957341,0.350296513054613,0.07324767892290977,-0.46010850293624106,-0.562309467965344,-0.44891324155499013,-0.17377351094673624,-0.027169838338769535,-0.06689914679238398,-0.2932654466258966,0.19473831771697406,-0.4976152212906093,-0.2708955118422135,0.16981033137099275,-0.3132788290466251,-0.2928661170931673,0.42994577612617874,-0.06165654748217422,0.3942233223220909,0.06443801905515015,-0.20291797541037665,-0.2565159038592504,0.27214725641176424,0.2886920731969114,0.12081278879667254,0.35238198681579247,0.39513049282331875,-0.44364805550416014,0.1980225885920709,0.14846433103847065,-0.23786826780514692,-0.24839075206573902,-0.13457760110263264,0.17584561751248423,-0.4496199386824601,0.043155343058461186,-0.7820002064888198
Breslauer_dG,-0.40046944353802827,0.5004894331581956,-0.0007258093415036071,0.7765365104583092,-0.14466070351372176,0.5044759833161298,-0.9077386719431193,0.961434134730144,0.4545836950116544,0.7723882707875519,0.03734044427028579,-0.4630978243360611,0.48570438972244323,1.0,0.8518626549142655,0.6929430525296296,0.7765365104583092,-0.19216804955586939,0.9999435678057303,-0.14466070351372176,-0.19517046505246768,0.7765365104583092,0.8074488565476847,0.44278820624642456,0.1950958991968801,-0.38717625593152116,0.14646714542572903,0.4054631870614309,0.8873804118031691,0.7824191856498138,0.6881053637888623,0.7765365104583092,-0.3551322178390779,0.1645172344646103,-0.04452772546287863,0.12989496773095155,-0.1988687517507262,-0.022482887671034218,-0.01824786200843135,-0.40203741923222014,-0.37074647952384515,-1.85542130795763e-18,0.7739581515351113,-0.7086947678703867,0.12790013113430979,0.11258485190081857,-0.6031325904000242,0.25519095322903423,0.6490954303537906,-0.11318081180876202,0.7723882707875519,0.4058978078720118,-0.5157694478400345,0.7031983939817115,-0.033591254650578925,0.3427012099056413,-0.7824191856498138,-0.7547912034837475,-0.17865889584890582,0.05308122848328222,-0.010038794133962373,0.06609607974343502,-0.7314410171715775,-0.20378467360925445,0.4117639612126565,0.009179587010101338,-0.18440231943723148,0.20604547947551285,0.47143564991641446,-0.04553975393560073,0.35896452741987156,-0.07880236979386489,0.024729534687883706,-0.8209658264725768,0.21337872012442946,-0.24952831178537907,-0.05084729450109687,0.10172295608836918,-0.0031022137253623933,-0.1988687517507262,0.12989496773095155,-0.04452772546287863,-0.022482887671034218,0.1645172344646103,-0.3551322178390779,0.14040050242449903,0.16078069889593544,-0.36377696765546225,0.05603674316955102,-0.37623108451558096
Breslauer_dH,-0.23133966419713664,0.11554159657532447,-0.13394384327153408,0.49794019935545875,-0.34217299068596485,0.1642376480667843,-0.6407299595834621,0.7931016697063892,0.44091207173818114,0.5544851782935692,-0.29199063141996867,-0.09461561809417353,0.3042720624165309,0.8518626549142655,1.0,0.9677970725954644,0.49794019935545875,-0.23336070125710967,0.8528347926662719,-0.34217299068596485,-0.23547768141888384,0.49794019935545875,0.5197212036378431,0.3487744142573233,0.1952880925500907,-0.2071635871576904,0.03055244584856221,0.23517750027477993,0.6109196865704504,0.5377676986888392,0.4717504325909971,0.49794019935545875,-0.042675635902009804,0.30930567110656804,0.12201181998307974,0.2681382432993865,0.04602270581091484,0.10267007668019087,0.09714602221231976,-0.3601178111676081,-0.044894134672522054,-1.4817472123201792e-17,0.5054017615387829,-0.4003668420881905,0.3173684787100725,-0.1576643296191837,-0.29839893343195856,-0.04909106436488127,0.5108852363633175,0.004798442899337019,0.5544851782935692,0.29020914466585235,-0.2646115072674665,0.3257663786115049,-0.2650128498730205,0.47663677491208495,-0.5377676986888392,-0.49056974095477135,0.17461844929123788,0.2501070894309667,0.23168719899115225,0.19448360217259886,-0.5522975571156284,-0.16286348047728988,0.46518503183310866,0.31689293573794053,-0.04921315816066873,0.43661781027199736,0.6050044915425232,0.19687749961856954,0.46624806956873727,-0.30036867224729286,-0.02024187131806666,-0.648132202842218,0.12408633567723377,-0.27604130288805895,-0.02801822843087067,-0.3133155744166676,0.19946777764411774,0.04602270581091484,0.2681382432993865,0.12201181998307974,0.10267007668019087,0.30930567110656804,-0.042675635902009804,0.1934301013964878,0.15356506236164602,-0.0010535332968342665,0.04088607270663065,-0.15079421708587445
Breslauer_dS,-0.12592304496335255,-0.08472399596917185,-0.17595491322900336,0.3142814844824416,-0.4034215146198319,-0.014763739630106047,-0.4454026434163497,0.6279874140135872,0.38738724532169866,0.39573141611572826,-0.4255495044345526,0.09559114689332275,0.18408626708074569,0.6929430525296296,0.9677970725954644,1.0,0.3142814844824416,-0.23267552069946681,0.6944237627317715,-0.4034215146198319,-0.23410824749507447,0.3142814844824416,0.3262403714734223,0.2579054122921582,0.1644649492112671,-0.09642272379080034,-0.029767198421264924,0.1288301968959903,0.4132891280967365,0.3615641662393407,0.3156495935565381,0.3142814844824416,0.11590454966017023,0.3544530163266287,0.1885718784565312,0.30762398469936275,0.16017290113872493,0.15703917582602486,0.15428841096463675,-0.31197315403350395,0.1136997855215314,-2.96879302939995e-17,0.33226625387798386,-0.21927559010715342,0.3782341121387525,-0.2742344646713069,-0.12969219271604826,-0.1862733581824155,0.3938100024415551,0.056702834064920674,0.39573141611572826,0.20419768196532104,-0.11668971246795433,0.11359839400875117,-0.3583316241455,0.49645323415915416,-0.3615641662393407,-0.31145452312400973,0.3311351567957942,0.3252439069267757,0.325741088110957,0.23081249307948906,-0.40841432716398124,-0.1350978911814379,0.4392804627755995,0.4377603308954965,0.02350098809760486,0.5022727186716235,0.6068005293490552,0.29054474395092555,0.464514379251653,-0.3795971279101019,-0.029473365946707856,-0.5024841872415122,0.07447660311365571,-0.2593728238916347,-0.016105541829621026,-0.4874689952557609,0.2772869882006194,0.16017290113872493,0.30762398469936275,0.1885718784565312,0.15703917582602486,0.3544530163266287,0.11590454966017023,0.20014057282694653,0.13196264847631706,0.177744241577491,0.025528863138927653,-0.019289654565785387
Electron_interaction,-0.6739090115843519,0.4165260807003739,-0.13697824759069419,1.0,-0.4139136646094879,0.762916911902626,-0.9418630564959943,0.7765365104583093,0.7069870082305741,0.9153149934721531,-0.06382702171776997,-0.44586371464291413,0.4403650353637327,0.7765365104583092,0.49794019935545875,0.3142814844824416,1.0,-0.43199329083151056,0.7777822356227045,-0.4139136646094879,-0.4342866851416567,1.0,0.9229528332177371,0.31958180043183354,0.014599901487497086,-0.3705416173285467,0.47423822761191753,0.6768595403097751,0.9240331705423673,0.8133829126259977,0.7142580575959928,1.0,-0.14436564144535707,0.21092033939480676,0.0666261567870468,0.0027378970350877274,-0.22842969918508804,0.10235829911697951,0.04380703669395189,-0.4453207268222784,-0.391563298143568,0.0,0.8653612582750145,-0.6527420394289886,0.0,-0.00638730931796018,-0.5237416004246169,0.047500649097994195,0.6745762656358538,2.220773257017264e-17,0.9153149934721531,0.6548135527410706,-0.8459081782224789,0.873401480432847,0.3647549524519555,0.3298025239093173,-0.8133829126259977,-0.9718757411388952,-0.11955543466507107,0.11415113367319886,0.04292741384722493,-0.36466247874473645,-0.6632457833953114,-0.417665481203814,0.1411412024243577,-0.05480734368220669,-0.0731033631117975,-0.02831363719974974,0.16623673663269237,0.03743233283466359,-0.10681624703871055,-0.10667408209830334,-0.04566611871103292,-0.9017008470220521,0.24333520878293333,0.2017424999620951,-0.25567055627192325,0.4071865848404612,0.2217559924575358,-0.22842969918508804,0.0027378970350877274,0.0666261567870468,0.10235829911697951,0.21092033939480676,-0.14436564144535707,-0.06844183960953985,0.15796985507704245,-0.5611578169786982,0.27859754630058414,-0.36020847033263736
Hartman_trans_free_energy,0.82621815496563,0.49405941338151865,-0.2509946266205149,-0.43199329083151056,0.47966328308336087,-0.029966271243536836,0.2634935349160252,-0.06459887822827218,-0.8762107304849405,-0.3868951324683564,0.6546897018607556,-0.5832625333211146,-0.29033637663895195,-0.19216804955586939,-0.23336070125710967,-0.23267552069946681,-0.43199329083151056,1.0,-0.19222085366598105,0.47966328308336087,0.9999806315689507,-0.43199329083151056,-0.5087666269057237,-0.3892746845323501,-0.2778565743832174,-0.21557132781303784,-0.794327921124305,-0.8234133265801915,-0.2527178668524497,-0.39659023286626044,-0.4207067386238938,-0.43199329083151056,-0.6952465442842968,-0.7387746186930283,-0.8754653330884732,-0.31203806156757047,-0.6078743969042796,-0.9122148405422068,-0.10348336744690709,0.6062152363490977,0.02114492350709405,7.403860669551589e-18,-0.24630508247812155,0.14789452743461504,0.10389712057973038,0.8762427144823766,0.14084636486362537,0.5446015157037548,0.042319162813654936,-0.6260511281016075,-0.3868951324683564,-0.8839151642631105,0.35609792261095713,-0.12012773258686478,-0.11064757364813999,-0.00588528872315166,0.39659023286626044,0.43290710383168346,-0.6156011384572391,-0.8271046063565133,-0.8341172198496702,-0.032702792474249565,-0.20956522809998682,-0.014079098109350265,0.1273176457791525,-0.5847505872970697,-0.8325453562730111,-0.2496062817830016,-0.2861870931811813,-0.7668580869446024,0.011909150534891933,0.6175517028164209,0.39073849255726856,0.42626807675555733,0.5560734796681922,-0.09168144262173784,-0.2895763891766607,-0.09233924728134517,-0.8497541023711492,-0.6078743969042796,-0.31203806156757047,-0.8754653330884732,-0.9122148405422068,-0.7387746186930283,-0.6952465442842968,0.18621186319162564,-0.19719768764073325,-0.23421025715352617,-0.026780190916371245,0.004779680349984842
Helix-Coil_transition,-0.40049830037708123,0.4988214205905834,-0.0005285280360368368,0.7777822356227045,-0.1463626917828235,0.5065638015265449,-0.9073205570155108,0.961913576886786,0.45476779051596844,0.7734891364309678,0.036323676807699073,-0.46232739693766495,0.4836134595479566,0.9999435678057303,0.8528347926662719,0.6944237627317715,0.7777822356227045,-0.19222085366598105,1.0,-0.1463626917828235,-0.19518126069181305,0.7777822356227045,0.8065426578613025,0.43846640932410436,0.19049191653631214,-0.3868337219044617,0.14621453883747523,0.40549553154691576,0.8866144043873473,0.7803997366677516,0.6857176897791833,0.7777822356227045,-0.35507046603270437,0.16459272572978953,-0.04522933156925518,0.12657371490854388,-0.20160627289212596,-0.021611767877682743,-0.013465304118565285,-0.40065747271847,-0.36541841202536096,-3.708070702698078e-18,0.7780332359138168,-0.7099796658655343,0.1259788128121282,0.11243911257867427,-0.6040054428140125,0.2566681340191363,0.648597220169569,-0.1154778744480984,0.7734891364309678,0.40613077546357584,-0.5181044663733484,0.7037783822943858,-0.03731886009378156,0.34346986768765614,-0.7803997366677516,-0.7550954470615254,-0.17621765215552826,0.05330668172165493,-0.011353682096099195,0.06072036012788913,-0.7307192700902796,-0.21168360497182168,0.41114548924263433,0.00953296819834068,-0.1853690448234092,0.21013218235841483,0.4713503219043834,-0.04700762030649261,0.3544008836287635,-0.08052966969296368,0.0308108710518726,-0.8234685705225988,0.2177756709513468,-0.24756356696381357,-0.05673431513317116,0.09921997910506238,-0.0014320671827109963,-0.20160627289212596,0.12657371490854388,-0.04522933156925518,-0.021611767877682743,0.16459272572978953,-0.35507046603270437,0.14024730874710273,0.16151418390605016,-0.3635386076982263,0.05318142368986147,-0.3732711191026542
Ivanov_BA_transition,0.2506121840677768,0.2942654011604442,0.5169004498769553,-0.4139136646094879,1.0,-0.27120170992902703,0.2797737563565346,-0.12334462133825395,-0.5793416299921008,-0.46730335656123156,0.740144277859827,-0.21927455724310066,0.020021608655941003,-0.14466070351372176,-0.34217299068596485,-0.4034215146198319,-0.4139136646094879,0.47966328308336087,-0.1463626917828235,1.0,0.4803503885737202,-0.4139136646094879,-0.19983206157588795,0.15311106978511038,0.27071214675440036,-0.1178490673873071,-0.1917579953272574,-0.24996839995097642,-0.2342961746670808,-0.25254155676516077,-0.2427919321461553,-0.4139136646094879,-0.5929331264055936,-0.4080542695743032,-0.23887011729879187,-0.12762771948645174,-0.24541885622740203,-0.25586842752327654,-0.4328051673069365,0.30865470926988947,-0.12284823303731751,1.4845715541344202e-17,-0.21197299397072208,-0.12633219414600608,-0.42487826499649434,0.47018482227189695,-0.2924195711092159,0.7592435860028294,-0.42963605998350235,-0.2636361704387507,-0.46730335656123156,-0.31449404531817976,0.40706572181825196,-0.186411835727456,-0.3194072994322055,-0.6236831485059589,0.25254155676516077,0.39397988533555156,-0.5122241577634911,-0.40944254517145967,-0.4176505215997719,0.34772563765617664,0.2981098167975879,0.22750828065053055,0.058439824788846885,-0.5133702189238847,-0.1670186322022259,0.08992426913074739,-0.07722187702538832,-0.4630178222143085,0.15353155810568606,0.3804303962684069,0.05228505029069452,0.38120428061000133,-0.15329050849222836,-0.5211293618375727,0.22094626696548408,0.22229093173143583,-0.6006433556379512,-0.24541885622740203,-0.12762771948645174,-0.23887011729879187,-0.25586842752327654,-0.4080542695743032,-0.5929331264055936,0.3003696652478735,0.03773857261300693,-0.047165332023394936,-0.5086590021191598,-0.2023311170259948
Lisser_BZ_transition,0.826941444260518,0.4911885203336237,-0.25053374202827394,-0.4342866851416567,0.4803503885737202,-0.03204122290073973,0.2666637936070277,-0.0669561205773325,-0.877434659608992,-0.38867232533181045,0.6553200974872097,-0.580987035572191,-0.2938188733643731,-0.19517046505246768,-0.23547768141888384,-0.23410824749507447,-0.4342866851416567,0.9999806315689507,-0.19518126069181305,0.4803503885737202,1.0,-0.4342866851416567,-0.5112889582028303,-0.3911898688889659,-0.2790438262040885,-0.215885134283926,-0.7945506365557514,-0.824153285862864,-0.2560383488629374,-0.3985080279099981,-0.4220087382262002,-0.4342866851416567,-0.693980069476366,-0.7378633291549667,-0.874949545035454,-0.3120035553095493,-0.6090407242102392,-0.9105896097142334,-0.10123751680569923,0.6079785641479817,0.02564182795931015,7.411892960618762e-18,-0.24741179073540043,0.1499713505121409,0.10036036841508875,0.8754217502531519,0.14230677559700783,0.5450456597694554,0.03812189491129379,-0.627323711262055,-0.38867232533181045,-0.8841352219206773,0.3574043792406589,-0.12243404070262283,-0.11320363840451553,-0.008830860577277767,0.3985080279099981,0.4356147549185524,-0.612558659055597,-0.8257689873236969,-0.8342421580271715,-0.03220594142830344,-0.20529880823592925,-0.015114990551839357,0.12705699040471224,-0.5841581958982087,-0.8317144425627997,-0.24645719421046053,-0.2853108872542875,-0.7675700864086707,0.011635534345162282,0.6146480637334769,0.3919223525279519,0.42707025699436746,0.5562894846393007,-0.09295357999114309,-0.2895773023715315,-0.09271930131729565,-0.8493904414862355,-0.6090407242102392,-0.3120035553095493,-0.874949545035454,-0.9105896097142334,-0.7378633291549667,-0.693980069476366,0.1858543815729239,-0.19741162322050693,-0.23076206759223752,-0.028202668164042988,0.007334131690758113
